
--------------------------------------
     TABLA DE MULTIPLICAR EN Zn4
--------------------------------------

    |   1   2   3
----+------------
  1 |   1   2   3
  2 |   2   0   2
  3 |   3   2   1


--------------------------------------
     TABLA DE MULTIPLICAR EN Zn9
--------------------------------------

    |   1   2   3   4   5   6   7   8
----+--------------------------------
  1 |   1   2   3   4   5   6   7   8
  2 |   2   4   6   8   1   3   5   7
  3 |   3   6   0   3   6   0   3   6
  4 |   4   8   3   7   2   6   1   5
  5 |   5   1   6   2   7   3   8   4
  6 |   6   3   0   6   3   0   6   3
  7 |   7   5   3   1   8   6   4   2
  8 |   8   7   6   5   4   3   2   1


--------------------------------------
     TABLA DE MULTIPLICAR EN Zn5
--------------------------------------

    |   1   2   3   4
----+----------------
  1 |   1   2   3   4
  2 |   2   4   1   3
  3 |   3   1   4   2
  4 |   4   3   2   1


--------------------------------------
     TABLA DE MULTIPLICAR EN Zn4
--------------------------------------

    |   1   2   3
----+------------
  1 |   1   2   3
  2 |   2   0   2
  3 |   3   2   1


--------------------------------------
     TABLA DE MULTIPLICAR EN Zn9
--------------------------------------

    |   1   2   3   4   5   6   7   8
----+--------------------------------
  1 |   1   2   3   4   5   6   7   8
  2 |   2   4   6   8   1   3   5   7
  3 |   3   6   0   3   6   0   3   6
  4 |   4   8   3   7   2   6   1   5
  5 |   5   1   6   2   7   3   8   4
  6 |   6   3   0   6   3   0   6   3
  7 |   7   5   3   1   8   6   4   2
  8 |   8   7   6   5   4   3   2   1


--------------------------------------
     TABLA DE MULTIPLICAR EN Zn5
--------------------------------------

    |   1   2   3   4
----+----------------
  1 |   1   2   3   4
  2 |   2   4   1   3
  3 |   3   1   4   2
  4 |   4   3   2   1


--------------------------------------
     TABLA DE MULTIPLICAR EN Zn12
--------------------------------------

    |   1   2   3   4   5   6   7   8   9  10  11
----+--------------------------------------------
  1 |   1   2   3   4   5   6   7   8   9  10  11
  2 |   2   4   6   8  10   0   2   4   6   8  10
  3 |   3   6   9   0   3   6   9   0   3   6   9
  4 |   4   8   0   4   8   0   4   8   0   4   8
  5 |   5  10   3   8   1   6  11   4   9   2   7
  6 |   6   0   6   0   6   0   6   0   6   0   6
  7 |   7   2   9   4  11   6   1   8   3  10   5
  8 |   8   4   0   8   4   0   8   4   0   8   4
  9 |   9   6   3   0   9   6   3   0   9   6   3
 10 |  10   8   6   4   2   0  10   8   6   4   2
 11 |  11  10   9   8   7   6   5   4   3   2   1

